2
88
499.20000000000005 314.4
499.20000000000005 315.0
499.20000000000005 316.2
499.20000000000005 317.4
499.20000000000005 319.8
499.20000000000005 322.20000000000005
498.56 325.8
497.28000000000003 330.6
496.0 336.0
494.08000000000004 342.6
491.52 348.6
489.6 355.2
486.4 361.2
483.84000000000003 369.0
480.64 376.8
476.15999999999997 384.0
471.68 391.2
466.56 397.2
462.08 402.6
456.32 406.8
451.2 410.4
444.15999999999997 413.4
436.48 415.2
429.44000000000005 416.4
419.20000000000005 417.6
408.32 417.6
396.15999999999997 417.6
384.0 416.4
368.0 412.8
352.0 408.0
336.64 401.4
318.72 392.4
300.15999999999997 380.4
281.6 366.6
264.32 352.2
243.84 329.4
243.84 329.4
227.2 303.0
215.04000000000002 277.20000000000005
206.72 245.39999999999998
203.52 211.2
204.16 180.59999999999997
208.64000000000001 155.39999999999998
217.60000000000002 132.60000000000002
228.48 111.60000000000002
228.48 111.60000000000002
239.36 99.0
255.36 87.0
270.08 79.20000000000005
287.36 72.60000000000002
305.91999999999996 68.39999999999998
323.2 67.19999999999999
339.84000000000003 67.19999999999999
355.20000000000005 68.39999999999998
371.2 73.19999999999999
385.91999999999996 80.39999999999998
400.0 91.19999999999999
410.88 103.19999999999999
419.20000000000005 118.19999999999999
424.32000000000005 135.0
427.52000000000004 154.20000000000005
428.8 175.2
428.8 196.8
427.52000000000004 215.39999999999998
425.6 233.39999999999998
421.76 248.4
416.64 262.20000000000005
410.24 274.2
403.84000000000003 282.6
397.44 290.4
391.68 295.8
385.28 298.8
378.88 301.2
368.0 301.79999999999995
356.48 301.79999999999995
343.68 298.8
330.88 294.0
321.28 289.2
311.68 282.6
305.91999999999996 276.6
301.44 269.4
297.6 262.79999999999995
295.04 255.6
293.12 250.2
293.12 250.2
291.84000000000003 244.8
290.56 240.0
289.28000000000003 235.79999999999998
149
250.24 234.60000000000002
252.16000000000003 232.20000000000002
256.0 228.0
262.4 220.79999999999995
270.71999999999997 210.59999999999997
279.04 201.60000000000002
288.0 192.0
295.04 184.8
295.04 184.8
302.08 179.40000000000003
307.84 174.60000000000002
314.24 169.8
320.0 165.59999999999997
320.0 165.59999999999997
325.76 162.0
330.24 158.39999999999998
334.72 156.60000000000002
338.56 156.0
341.12 155.39999999999998
342.40000000000003 155.39999999999998
343.68 157.2
344.96000000000004 160.2
345.6 164.40000000000003
346.24 169.20000000000005
346.88 175.79999999999995
347.52000000000004 183.59999999999997
347.52000000000004 191.40000000000003
347.52000000000004 198.59999999999997
346.88 205.79999999999995
344.96000000000004 211.8
342.40000000000003 217.8
340.48 222.60000000000002
337.92 226.8
335.36 229.20000000000002
334.08000000000004 229.8
333.44 230.99999999999997
332.8 230.99999999999997
331.52 230.99999999999997
330.24 230.99999999999997
328.96000000000004 230.99999999999997
327.04 230.99999999999997
324.48 230.99999999999997
321.28 230.99999999999997
318.08 230.39999999999998
318.08 230.39999999999998
314.88 229.8
311.68 229.20000000000002
308.48 228.0
305.28 226.8
302.71999999999997 225.6
299.52000000000004 225.0
296.96000000000004 223.8
294.40000000000003 222.60000000000002
291.84000000000003 222.0
289.92 221.40000000000003
288.64 220.2
288.0 220.2
286.72 220.2
286.08 220.2
285.44 220.2
284.16 220.79999999999995
283.52 221.40000000000003
282.24 222.60000000000002
280.96 223.8
279.04 226.8
277.12 229.8
277.12 229.8
275.2 232.79999999999998
272.64 237.0
270.08 240.6
270.08 240.6
268.15999999999997 244.2
266.24 247.79999999999998
264.96 252.0
263.68 255.6
262.4 259.8
261.12 264.0
260.47999999999996 267.6
259.84000000000003 271.79999999999995
259.84000000000003 276.0
259.84000000000003 280.2
259.84000000000003 284.4
259.84000000000003 284.4
259.84000000000003 287.4
259.84000000000003 287.4
261.12 289.8
262.4 293.4
264.32 297.0
266.88 300.6
268.8 304.8
272.0 308.4
274.56 312.0
278.4 316.2
282.88 320.4
287.36 323.4
293.12 326.4
298.88 328.8
305.91999999999996 331.2
312.96 333.0
320.0 334.2
327.04 334.8
335.36 336.0
344.32000000000005 336.6
354.56000000000006 336.6
364.79999999999995 336.6
364.79999999999995 336.6
373.76 336.6
384.64 335.4
394.88 333.0
402.56 330.0
411.52 325.2
419.20000000000005 319.8
430.08000000000004 312.6
440.96 303.6
450.55999999999995 297.0
460.15999999999997 288.6
460.15999999999997 288.6
466.56 282.0
471.68 275.4
476.15999999999997 268.20000000000005
480.64 259.2
485.12 247.79999999999998
489.6 235.79999999999998
492.8 223.2
496.0 210.0
497.28000000000003 199.20000000000005
497.92 189.0
497.92 178.8
497.92 169.8
497.92 169.8
497.28000000000003 160.79999999999995
496.64 154.20000000000005
494.72 147.0
492.16 141.0
490.24 135.59999999999997
487.68 130.79999999999995
485.76 126.60000000000002
483.84000000000003 123.0
481.28 119.40000000000003
481.28 119.40000000000003
480.0 116.40000000000003
478.08 114.0
476.15999999999997 111.0
474.88 109.20000000000005
473.6 107.39999999999998
472.96 106.80000000000001
472.32 105.59999999999997
471.68 105.0
471.03999999999996 105.0
